0
0
0
0
0
1.2
3
5.4
8.4
10.8
13.8
16.8
18.6
21
23.4
25.2
27
29.4
31.8
34.8
36
38.4
40.2
42
43.2
44.4
45.6
46.8
48
48.6
49.8
51
51.6
52.8
54
55.2
55.2
55.8
57
57.6
57.6
57.6
58.2
58.8
58.8
58.8
58.8
58.8
58.2
57.6
57.6
56.4
55.2
54
52.8
51
48.6
46.2
43.2
40.2
37.8
36
36.6
37.2
37.2
37.2
36.6
36
36
35.4
34.2
33.6
33.6
33
31.8
31.8
31.2
30.6
30
29.4
29.4
28.8
28.2
28.2
27.6
27
27
26.4
25.8
25.2
24.6
24
24
23.4
23.4
22.8
22.2
21.6
21
21
20.4
20.4
19.2
19.2
19.2
18.6
18.6
18
17.4
17.4
16.8
16.8
16.8
16.2
15.6
15.6
15
14.4
14.4
14.4
13.8
13.2
13.2
13.2
13.2
12.6
12
12
12
10.8
11.4
10.8
10.8
10.2
10.2
9.6
9.6
9.6
9
8.4
8.4
8.4
8.4
7.8
7.8
7.8
7.2
7.2
7.2
6.6
6
6.6
6
6
6
5.4
5.4
4.8
4.8
4.8
4.8
4.2
3.6
3.6
3
3
2.4
3
3
3
3
3
1.8
2.4
2.4
1.8
1.2
1.2
1.2
0.6
1.2
0.6
0.6
0.6
1.2
