0
0
0
0
0
0
0
0
0
0
0
0
0
0
0
0
0
0
0
0.6
1.2
1.2
2.4
4.2
6
10.2
13.8
18
22.8
25.8
31.2
36
41.4
44.4
48.6
51
54
55.8
57
59.4
60.6
61.8
63
63.6
64.2
64.2
64.8
64.8
64.8
64.8
66
66
66
66
66
65.4
65.4
64.8
64.8
63.6
63.6
62.4
61.2
60.6
59.4
59.4
57.6
57
55.2
52.8
51.6
49.2
47.4
45
42.6
40.2
40.2
37.8
36
35.4
33.6
33.6
33
33
33.6
31.8
31.8
31.8
31.2
30.6
31.2
31.2
30.6
30.6
31.2
30.6
30
29.4
29.4
29.4
30
29.4
29.4
28.8
28.8
28.2
27.6
27
26.4
26.4
25.8
26.4
24.6
25.2
24.6
24
24
22.8
23.4
23.4
23.4
22.8
21.6
21.6
21
21
19.8
19.8
19.2
18.6
18.6
19.2
18.6
18.6
18
18
16.8
16.8
16.8
16.2
15.6
15
15
15
14.4
13.2
12.6
13.8
13.8
13.8
12
12
11.4
11.4
12
12
11.4
11.4
11.4
10.2
10.2
10.2
9.6
9
7.8
7.2
7.8
8.4
7.8
8.4
7.2
7.2
7.2
7.2
7.2
7.2
7.2
7.2
7.2
6
6
6
6
5.4
5.4
